0.71117
2.12909
-0.73240
0.09474
-0.85234
1.03587
0.52632
0.98461
-0.13471
0.22546
-0.27639
-0.94271
0.32209
0.86588
-0.67741
-1.76500
-0.50448
-1.93858
0.95527
1.17850
-0.73745
0.88824
1.08061
1.27267
3.40073
-0.79979
-0.59430
0.30361
0.33748
0.04021
-0.70675
-0.29958
0.78482
1.04756
-0.64236
-1.26885
1.13431
-0.99670
-1.05801
0.86008
0.78718
-0.08494
0.20616
-0.78860
0.08529
0.94858
-0.12899
1.27996
-1.89210
0.39735
0.32485
1.73311
0.90750
-0.97415
0.68824
0.70357
-1.36239
-0.48480
-0.05899
0.76593
0.98467
1.46856
-0.10680
-1.07278
-0.36818
0.34668
0.17836
-0.51416
-0.68292
1.13952
0.54077
-0.61520
0.78620
0.74886
0.14732
0.97359
-0.46319
-1.79873
2.09854
0.84018
-0.43251
0.86872
-0.04736
-1.49837
-0.46311
-1.17425
-1.48804
0.83752
0.70531
-0.97625
-0.33121
1.77180
-1.52796
-0.97598
-0.01863
-2.18250
-1.18215
0.60378
1.17401
1.86928
0.41851
0.94721
0.25662
0.47743
0.75342
-0.04953
0.29719
-1.81408
0.71229
-0.08282
0.16838
0.25929
-0.53023
0.25116
0.05115
0.37791
-0.64900
1.21657
-0.93251
-1.49838
-0.09651
1.82750
-1.88354
-1.26325
2.21251
1.58633
-0.51434
-1.83698
-0.30412
-0.36608
-0.35296
-1.60366
1.42670
0.09149
-0.02512
1.25576
1.96737
-0.72957
1.63863
0.73763
1.20156
1.48785
-1.49410
0.69160
0.24444
0.44383
-2.66724
0.74333
-1.07469
0.39658
-0.56497
-0.00021
1.04698
1.55872
-0.82692
-0.02794
0.96521
-0.31024
-0.17613
-0.46411
-1.24020
0.22019
0.00236
1.29676
0.82938
0.54435
-1.34762
-0.91461
0.46861
0.35611
-0.37810
-0.26830
2.00883
-1.02960
-0.36184
-0.35288
0.12567
1.01075
-0.66524
0.73198
-1.44056
-1.18143
-0.39422
-0.89247
0.32485
0.38246
-0.56280
-2.15625
0.06261
-1.02049
0.06734
-1.33700
1.60907
1.40273
-0.52768
0.07717
0.05845
-0.72777
1.43697
-1.06740
-0.41994
0.62197
0.37477
1.34725
0.00842
-1.69903
-0.25606
-0.25374
1.71888
-0.34709
0.92636
-0.66109
-2.13748
-1.74086
1.23619
-0.16160
0.12933
0.09740
-1.27361
-0.58843
1.43445
1.17384
-1.69176
-0.43457
0.11712
-0.41760
0.34280
-2.15774
0.70593
-0.19519
0.56335
1.58570
0.48475
0.66665
1.18795
1.15045
-0.33515
-0.30550
0.11722
0.06547
0.92946
-0.44779
-0.17958
0.23940
0.95178
-0.90313
-0.31283
0.45441
0.40042
-0.01919
-0.62672
-1.30325
-2.69509
0.29486
-0.75591
-0.01564
-0.81312
-1.49216
0.31149
-0.93574
-1.36220
-0.69891
0.23498
0.16243
0.41545
1.21055
-0.03232
1.08855
0.96935
0.41587
0.84512
-0.42331
-0.23110
-0.49711
0.08205
-0.83567
0.59689
-0.86964
-2.73798
0.05328
-0.09844
-1.54004
1.87354
-2.21194
-0.07213
-1.15298
0.77990
0.90428
1.05623
-0.13679
-0.28124
0.57141
0.06772
0.05921
-0.02703
-0.62156
1.11949
1.80582
-1.14808
0.65240
1.18227
-0.04511
-0.08046
-0.43869
1.28358
-0.51144
0.41633
0.27161
-0.77015
-0.12774
-1.35480
0.85436
-0.83135
-0.45197
-0.66209
1.46503
-1.72743
0.42225
-0.19965
-0.03026
-1.37806
-1.18598
-1.38523
-0.40237
1.19099
-1.06201
-0.21652
-1.45322
-0.77883
-0.74709
-0.35295
-1.17573
0.68130
1.76593
1.09282
0.58382
0.52501
0.52848
1.16164
0.12154
-0.37863
0.23335
-0.41927
1.14074
-0.17771
0.87157
0.08267
1.75982
0.69288
1.36381
2.48247
-1.49577
0.92916
-1.02337
-0.71415
0.97967
0.95870
1.04353
-0.95220
1.33986
0.62319
-1.62949
-0.31071
-0.51704
0.95423
0.64758
-1.28296
-0.86646
1.61747
-0.74854
1.51130
-1.36169
0.42729
-0.28687
0.66431
2.33082
-0.29009
-1.24346
-0.41725
1.33468
1.47357
-0.01960
-0.29388
-0.00312
-0.34298
0.27200
-0.66621
0.26001
-1.05710
0.14225
1.41284
-0.11989
1.19633
-0.18998
0.35521
-0.36273
-0.91888
0.16910
-1.69465
0.44568
2.16870
-0.90672
-0.12490
0.17027
-1.69589
2.39987
0.87226
-0.47602
-1.14777
-0.57119
0.50115
-1.86603
0.47807
-1.86279
1.29039
0.27822
0.71596
-1.49961
0.60347
1.06723
-1.50384
0.16207
-0.69245
-0.41990
1.33035
0.06777
0.38261
0.54558
0.40807
1.36678
-0.78907
0.76441
-1.10124
-0.26090
0.18335
-1.64987
-0.56907
-0.67838
-1.41093
-1.96043
1.27240
0.13590
1.07593
1.02002
-0.14627
-0.09545
-0.08505
-2.55480
-1.83092
0.25882
-0.97713
0.88632
0.33516
-0.38928
0.08121
0.02708
-1.91440
1.06526
0.35027
-0.70033
-0.00668
0.52927
0.04523
0.51974
-0.30522
0.52983
-0.76128
-0.90923
-1.07182
-0.42284
0.46500
0.59426
0.69256
0.68049
-1.75724
-0.11411
-1.07620
-0.50412
0.32821
-1.32569
-0.16731
-0.19853
1.00387
0.32527
-0.62823
0.25797
-2.19947
-0.30013
0.61305
0.27628
-2.57843
0.59403
0.60470
0.27169
-0.98845
0.56152
-1.23176
-1.10577
-0.61979
-0.25378
-0.42332
-0.44248
-1.12143
1.06947
-0.23206
1.01351
-2.15912
0.01247
-0.40202
1.81410
0.42909
0.57762
0.61268
1.47305
-0.21174
1.48939
0.78919
0.14683
-0.05826
0.83034
1.21160
0.96387
0.43083
0.42395
-0.72798
1.54826
-0.64178
0.30232
-0.53907
-2.61944
0.50283
-1.59600
0.54806
0.31977
-1.71300
0.24376
1.31782
-0.78402
-1.04935
-1.75508
-0.51284
0.19512
1.08602
-0.75696
0.19210
-0.03477
-0.02989
-1.22611
-0.40582
-0.09368
-0.21699
-0.32663
0.87426
-0.15204
0.22748
0.90926
-0.63287
0.01599
1.63367
-1.53806
0.18817
1.03373
0.20648
-0.02160
0.97917
0.92168
-0.92186
-1.13633
0.19696
-0.82660
-0.10018
-2.42293
1.12212
0.94360
0.51325
-0.85857
0.53472
0.50304
1.37821
-0.43897
0.37496
1.67566
-0.15290
1.26203
-0.93656
-0.55017
-0.90052
-0.25134
-1.45204
-1.39289
-1.44496
1.90472
0.80887
0.08622
2.08349
-1.03884
1.50582
-0.40989
-1.22142
0.42886
2.34513
0.38875
0.68221
-1.69777
0.31487
1.12593
1.30640
-2.47418
-1.96283
-0.69861
-0.69693
-1.15598
-0.58925
0.72933
-1.24052
1.38978
0.42743
-0.21207
0.94633
-0.92054
-0.25966
0.53428
0.75265
0.20852
-0.73944
-2.30026
1.85152
0.55726
0.02211
1.14359
0.38645
-0.04421
-2.68667
1.67707
3.21007
-1.39913
0.85079
-1.01951
0.85172
0.85316
-0.41711
0.02867
-1.70254
-1.11335
0.29254
0.41651
-0.98246
-2.00863
1.10804
-0.54852
-0.11212
-0.21537
1.21096
-0.61444
-0.61855
-0.73400
0.18164
0.87096
-1.61418
-0.63678
-1.17533
1.20108
0.56523
-0.23315
-2.37409
1.14975
-2.43752
1.30345
-0.74630
-0.80764
-0.11161
0.09696
0.63528
-0.05050
-1.29604
-0.96144
0.76197
-0.01817
0.93239
-0.34905
1.26637
0.55794
0.11888
1.12035
-0.95136
1.21923
-0.52190
0.47782
-0.33055
-0.38392
-2.28751
0.84693
1.50442
-0.21301
2.18918
-0.76122
-0.05997
0.32589
0.40233
0.32776
-0.35160
0.43374
0.39810
0.07974
-0.60843
-0.78955
-0.69474
-2.25872
-0.68046
1.27087
-0.50257
-0.13264
1.03150
-0.77849
0.11464
-0.99530
1.04353
-0.69178
2.24555
-0.89212
1.70658
-0.87019
1.53121
-1.60322
-0.79832
0.78312
0.97993
0.74495
0.58699
1.78708
0.99021
0.48087
-0.54306
-1.42216
-0.07683
1.04031
-0.47997
-1.30847
-1.10116
0.53878
0.29729
-0.43048
-0.11469
-0.35284
-2.03838
-0.68895
-1.52838
-0.96128
-0.99924
-0.46973
1.94814
0.50839
0.46091
-0.76279
0.76642
-1.35793
-0.91733
-1.65417
-2.34923
-2.74810
-0.32048
0.85543
-0.44918
0.77878
-0.94540
0.64022
0.95448
0.16051
1.05912
1.35573
1.31557
0.07661
0.34527
2.12780
0.04510
0.86942
-0.07524
0.93240
-0.32605
2.15972
0.44364
-0.26149
-0.97456
-0.75555
1.02472
1.26683
1.24689
-0.37166
-0.51408
0.75972
0.47883
-0.53720
-0.18325
0.98748
0.51107
0.15685
0.24619
-0.17693
-0.05611
2.34701
0.10574
-0.55798
-0.44289
1.01904
0.43426
0.62598
-0.10178
1.49232
0.19141
0.05157
0.57831
0.86645
-0.53034
-2.51896
0.81381
1.00296
-0.63330
1.64777
-0.68509
0.32111
0.02856
0.37746
0.71665
-0.25838
-0.89785
-0.39702
-1.20782
0.69077
0.34999
-0.25104
-1.81419
-2.30057
0.21781
0.88399
1.46843
0.46466
-0.58870
-0.62588
0.64636
-1.25082
0.96450
0.21218
0.38564
-0.15969
-1.44401
-0.55529
1.00995
-0.09831
0.50941
0.95092
-1.83706
-0.24849
-0.30785
0.91696
0.09109
1.04048
0.94784
1.42747
0.59881
0.13639
0.80085
-0.30805
-0.14292
-0.39248
-0.95992
0.60975
1.66351
-1.54113
-0.45392
0.59198
1.11855
1.43055
-0.10035
1.05421
0.13915
0.42633
-0.34791
1.22001
-0.04011
-1.00183
-0.25835
-1.33682
0.78846
0.33253
-1.64580
-0.72669
-0.08111
-1.85426
1.11861
-2.85189
-1.21796
-2.11848
0.68840
0.32000
-1.14440
-1.45105
-0.62907
1.87208
0.18379
0.12333
-0.74316
0.19096
0.52092
-1.63099
1.16848
-0.94305
0.02350
-0.03947
1.43668
1.23050
-1.27674
-0.86400
0.77986
-0.00344
0.79113
1.27499
-0.94565
0.65726
-0.67274
-1.43789
-0.28723
0.07800
0.67992
-0.72167
1.07442
1.17496
0.88923
0.76547
-1.65527
-2.80886
0.77938
-0.01391
1.33959
-0.35406
1.67733
-1.25365
0.30564
-0.33432
0.20271
0.41174
0.23091
-1.05028
0.84045
-0.13789
-2.21362
0.69491
-0.84802
1.89297
0.24628
-1.74842
0.16626
-0.36623
0.71907
-0.40695
-1.16736
0.60120
0.27392
1.13203
-0.38351
0.59765
-0.00198
1.94838
0.25497
0.39386
1.60615
-0.25139
-1.44518
-2.30963
0.25640
-0.68786
0.59780
-1.86095
0.35590
-0.16281
-0.74561
-1.10239
-0.30506
0.76565
-1.20862
0.70701
0.81803
0.01054
2.16114
-0.26410
0.93342
0.22571
0.52694
0.23352
-0.13892
1.47386
1.04015
-1.45574
0.01739
-0.02000
0.08487
1.49392
0.56393
-0.59279
-0.36271
0.83070
