-5.70378
-5.61772
-5.4962
-5.47596
-5.39018
-5.37334
-5.33448
-5.23888
-5.15686
-5.1096
-5.03792
-4.94836
-4.87504
-4.84586
-4.74818
-4.69846
-4.61926
-4.60114
-4.60052
-4.57502
-4.51744
-4.42724
-4.42388
-4.39894
-4.365
-4.31824
-4.31548
-4.3125
-4.27496
-4.23696
-4.07676
-4.01726
-3.92566
-3.92086
-3.87716
-3.8288
-3.7842
-3.76708
-3.73206
-3.72558
-3.7219
-3.70852
-3.67412
-3.67396
-3.66184
-3.62838
-3.62816
-3.59746
-3.53
-3.51448
-3.51016
-3.49684
-3.48172
-3.45486
-3.426
-3.40508
-3.39806
-3.39554
-3.39178
-3.3893
-3.38352
-3.31054
-3.30834
-3.29974
-3.2916
-3.26198
-3.25898
-3.22836
-3.20732
-3.20644
-3.192
-3.08226
-3.08008
-3.07612
-3.05676
-3.05592
-3.00768
-2.99922
-2.99676
-2.99674
-2.99154
-2.9882
-2.98432
-2.97608
-2.91148
-2.90644
-2.90408
-2.9021
-2.89036
-2.88992
-2.88802
-2.88112
-2.87578
-2.84432
-2.82186
-2.79826
-2.78578
-2.77046
-2.75612
-2.72478
-2.7244
-2.72338
-2.71586
-2.7096
-2.69524
-2.674
-2.67364
-2.65138
-2.61694
-2.6065
-2.59208
-2.56592
-2.55348
-2.54722
-2.5377
-2.5265
-2.5073
-2.50164
-2.48692
-2.48104
-2.4804
-2.46352
-2.45222
-2.44284
-2.43592
-2.41724
-2.41564
-2.37196
-2.3643
-2.36286
-2.35146
-2.35066
-2.3485
-2.33472
-2.31196
-2.30596
-2.29616
-2.29554
-2.2888
-2.27266
-2.24286
-2.2267
-2.21154
-2.20478
-2.20248
-2.20232
-2.1524
-2.14938
-2.14556
-2.14364
-2.1348
-2.12402
-2.11602
-2.1142
-2.10056
-2.0987
-2.07768
-2.0592
-2.04674
-2.04098
-2.03902
-2.00366
-1.99848
-1.9934
-1.9906
-1.9769
-1.96492
-1.95426
-1.9525
-1.95196
-1.94912
-1.9483
-1.92288
-1.92256
-1.91984
-1.9044
-1.90272
-1.8913
-1.8908
-1.8861
-1.88542
-1.87312
-1.87148
-1.86502
-1.84372
-1.84108
-1.83776
-1.83466
-1.82922
-1.81846
-1.81344
-1.80626
-1.80104
-1.7957
-1.78494
-1.78424
-1.74038
-1.73928
-1.73292
-1.728
-1.71714
-1.70468
-1.69604
-1.67134
-1.6627
-1.65384
-1.6532
-1.62624
-1.61528
-1.59958
-1.59664
-1.5791
-1.57814
-1.5772
-1.56804
-1.55766
-1.55698
-1.5403
-1.52558
-1.52256
-1.52244
-1.51392
-1.51182
-1.5111
-1.49708
-1.49418
-1.4926
-1.49122
-1.48632
-1.47888
-1.4749
-1.468
-1.4648
-1.45914
-1.45596
-1.45554
-1.45338
-1.44334
-1.4283
-1.4135
-1.40066
-1.39782
-1.39722
-1.39386
-1.38948
-1.3849
-1.38356
-1.3779
-1.37572
-1.37018
-1.36584
-1.36092
-1.35676
-1.35482
-1.34548
-1.33242
-1.33048
-1.32418
-1.32218
-1.298
-1.28472
-1.28356
-1.27356
-1.2666
-1.26574
-1.25814
-1.25646
-1.25344
-1.25176
-1.24312
-1.23958
-1.2371
-1.2304
-1.22888
-1.21686
-1.1886
-1.18558
-1.1785
-1.1774
-1.17686
-1.14238
-1.13814
-1.12994
-1.1256
-1.11596
-1.11058
-1.10034
-1.09704
-1.08612
-1.07814
-1.0744
-1.06068
-1.06046
-1.05536
-1.0438
-1.03408
-1.02868
-1.02832
-1.02816
-1.02568
-1.02288
-1.00896
-1.00824
-1.00514
-0.99422
-0.9696
-0.95994
-0.95204
-0.93946
-0.92822
-0.92638
-0.92622
-0.90784
-0.90394
-0.89836
-0.89558
-0.88578
-0.88496
-0.87794
-0.87738
-0.86914
-0.86502
-0.86096
-0.84664
-0.84662
-0.84568
-0.83988
-0.8398
-0.83854
-0.8352
-0.8345
-0.83422
-0.81978
-0.8139
-0.81164
-0.80474
-0.80404
-0.79404
-0.78844
-0.78496
-0.77856
-0.76784
-0.76702
-0.75726
-0.7562
-0.74332
-0.73636
-0.73246
-0.73216
-0.72546
-0.72542
-0.72368
-0.70812
-0.70592
-0.7059
-0.70576
-0.70568
-0.7032
-0.6981
-0.69582
-0.69418
-0.68596
-0.6703
-0.66864
-0.66242
-0.6611
-0.65326
-0.6521
-0.64096
-0.62566
-0.62142
-0.62048
-0.6161
-0.6157
-0.611
-0.61044
-0.61012
-0.60824
-0.60026
-0.59916
-0.58776
-0.58018
-0.57446
-0.57374
-0.56248
-0.55278
-0.5366
-0.5282
-0.52298
-0.5218
-0.51932
-0.51676
-0.5167
-0.51212
-0.50756
-0.50748
-0.50278
-0.50268
-0.50208
-0.49698
-0.4663
-0.46412
-0.4622
-0.43398
-0.43304
-0.43074
-0.42602
-0.42414
-0.42348
-0.3993
-0.39706
-0.39038
-0.37996
-0.3665
-0.35916
-0.35542
-0.35386
-0.35226
-0.33462
-0.32562
-0.3232
-0.31938
-0.3058
-0.30408
-0.29254
-0.28584
-0.27784
-0.27578
-0.27358
-0.26942
-0.26528
-0.25798
-0.25548
-0.2498
-0.23978
-0.22938
-0.22822
-0.22424
-0.22322
-0.2136
-0.20356
-0.2007
-0.20036
-0.19688
-0.19662
-0.19302
-0.1909
-0.18736
-0.1701
-0.16988
-0.16564
-0.16222
-0.16092
-0.15366
-0.15048
-0.14426
-0.11994
-0.11798
-0.11652
-0.11222
-0.101
-0.09906
-0.09472
-0.09022
-0.08842
-0.08022
-0.07894
-0.06954
-0.06464
-0.06052
-0.05978
-0.05588
-0.05406
-0.05024
-0.0432
-0.04
-0.0392
-0.03838
-0.03726
-0.03634
-0.03128
-0.02782
-0.01336
-0.00688
-0.00624
-0.00396
-0.00042
0.00472
0.01684
0.02108
0.02494
0.03198
0.03478
0.04422
0.047
0.05416
0.05712
0.05734
0.08042
0.0902
0.09046
0.1023
0.10314
0.10656
0.1169
0.11842
0.12522
0.13094
0.13468
0.13544
0.13554
0.15322
0.15434
0.156
0.15948
0.16242
0.1641
0.16534
0.16974
0.17058
0.17244
0.18218
0.18298
0.18948
0.19392
0.1948
0.21148
0.22928
0.23424
0.23444
0.23776
0.24308
0.24666
0.25134
0.25866
0.2718
0.27278
0.2783
0.2845
0.29366
0.29464
0.3137
0.32102
0.32414
0.32486
0.33252
0.33676
0.3382
0.34054
0.35672
0.36328
0.3667
0.36758
0.37634
0.38192
0.38282
0.3842
0.39024
0.39392
0.40542
0.41232
0.41296
0.41704
0.42436
0.43562
0.44038
0.45092
0.45142
0.45496
0.46182
0.4667
0.46704
0.46996
0.4788
0.48752
0.48888
0.49238
0.49256
0.50232
0.50994
0.5128
0.51324
0.51594
0.51764
0.51858
0.52002
0.54322
0.54338
0.544
0.54784
0.55256
0.55644
0.58508
0.58972
0.59438
0.59458
0.60464
0.60722
0.61128
0.62298
0.62974
0.63954
0.64
0.64222
0.64418
0.6497
0.6497
0.65054
0.65178
0.65552
0.65642
0.66506
0.67032
0.67496
0.6856
0.69054
0.69336
0.69998
0.70054
0.71042
0.7118
0.71222
0.74954
0.74992
0.75492
0.75582
0.76492
0.76522
0.77128
0.7729
0.7775
0.78772
0.79316
0.7947
0.7962
0.80084
0.80466
0.81614
0.82348
0.8309
0.83174
0.83266
0.83302
0.83702
0.8445
0.8479
0.85266
0.85458
0.85486
0.85772
0.85818
0.86166
0.86748
0.86852
0.88728
0.88766
0.89136
0.90882
0.92182
0.92932
0.93
0.93722
0.95486
0.95564
0.95614
0.95766
0.96174
0.9695
1.0023
1.00566
1.00608
1.01678
1.01882
1.02214
1.0265
1.03948
1.04184
1.05002
1.05264
1.05388
1.05696
1.05854
1.05966
1.06856
1.06944
1.07756
1.08154
1.0887
1.09116
1.09612
1.11452
1.11588
1.12304
1.1267
1.12786
1.13046
1.14282
1.15524
1.15662
1.16764
1.17398
1.18396
1.18806
1.18852
1.19378
1.1953
1.1956
1.19762
1.2024
1.20694
1.20756
1.2094
1.2195
1.22536
1.2261
1.24394
1.24638
1.25196
1.27056
1.28044
1.29272
1.29516
1.3048
1.31452
1.32862
1.3333
1.35984
1.36098
1.3626
1.36442
1.37648
1.3768
1.38154
1.3832
1.38512
1.38576
1.38982
1.40714
1.41062
1.41186
1.41402
1.42234
1.42458
1.43192
1.4333
1.43814
1.45866
1.46396
1.47526
1.48666
1.4899
1.49772
1.5053
1.50684
1.51944
1.52394
1.52882
1.53094
1.5313
1.53186
1.53284
1.55756
1.55876
1.55972
1.5598
1.56624
1.56964
1.5724
1.57436
1.57692
1.57838
1.58226
1.6017
1.61774
1.62762
1.63606
1.65876
1.66068
1.6614
1.67504
1.68036
1.6809
1.69024
1.69386
1.70158
1.70344
1.70632
1.70872
1.71086
1.72016
1.73176
1.7329
1.73744
1.73884
1.74192
1.74314
1.74452
1.74852
1.76798
1.77264
1.77648
1.77846
1.80856
1.815
1.81852
1.83392
1.84336
1.85272
1.85832
1.85892
1.86478
1.8648
1.86684
1.8872
1.89266
1.89442
1.89568
1.89716
1.90184
1.90356
1.90846
1.90896
1.91054
1.9174
1.92774
1.929
1.93042
1.9387
1.94718
1.95834
1.95934
1.95986
1.96922
1.96934
1.97496
1.98042
2.00592
2.00774
2.0199
2.0215
2.02702
2.03808
2.04004
2.04944
2.063
2.06746
2.07174
2.0803
2.08062
2.08096
2.08706
2.08706
2.09396
2.09512
2.10842
2.11246
2.11824
2.13052
2.13446
2.13894
2.14884
2.15186
2.16122
2.17204
2.1771
2.18564
2.21608
2.2371
2.23722
2.23898
2.2407
2.24424
2.25186
2.26406
2.26862
2.27904
2.28148
2.28718
2.2995
2.3009
2.32328
2.33696
2.34768
2.34802
2.34992
2.357
2.36454
2.3759
2.38198
2.39266
2.40216
2.40312
2.4211
2.42192
2.4232
2.43314
2.43846
2.44002
2.461
2.47238
2.49378
2.51152
2.52406
2.53274
2.53366
2.54174
2.5448
2.54534
2.54998
2.55992
2.56716
2.58078
2.59352
2.6069
2.6128
2.63114
2.63564
2.6607
2.66936
2.67918
2.67972
2.6945
2.71146
2.72762
2.73356
2.75642
2.77956
2.80546
2.82568
2.8534
2.85494
2.8611
2.8689
2.87336
2.87394
2.93006
2.93686
2.93712
2.9461
2.94714
2.94772
2.9757
2.97878
2.98464
2.98784
3.00884
3.01164
3.0226
3.06242
3.09652
3.11744
3.1714
3.17266
3.2123
3.21814
3.23494
3.26734
3.27726
3.29554
3.32702
3.35132
3.35414
3.35466
3.41316
3.43776
3.46622
3.51964
3.53186
3.5436
3.57416
3.61164
3.6282
3.655
3.70304
3.73856
3.74416
3.74708
3.78594
3.80944
3.89628
3.89676
3.93474
4.01766
4.16698
4.19708
4.2556
4.25818
4.31944
4.32228
4.3374
4.37836
4.42502
4.4911
4.66164
4.69026
4.69402
4.79974
4.96494
6.42014
6.80146
